1428
1175
1081
510
1657
1717
110
1250
677
2506
1682
1245
953
45
1622
732
1221
4523
1521
2175
911
1111
757
347
890
1932
290
698
1708
2126
1751
517
2565
1488
1144
1181
1223
832
118
1640
1505
2037
1546
2045
578
2083
2537
1591
2059
204
403
1021
600
2095
21
2002
549
1433
1716
1926
1530
1493
989
1070
2187
667
1080
901
816
1213
299
4629
2043
2300
2551
4622
1409
827
4654
774
309
4701
627
2422
672
1938
969
683
2524
766
1538
1673
648
1891
300
782
4632
906
1584
296
1196
2141
1906
1125
927
1513
1747
1928
581
2162
1835
2036
1051
2552
4512
1898
631
2516
531
390
1556
2483
697
2152
4649
2099
405
374
1757
791
834
2204
1097
489
1532
1636
511
1503
4683
875
4599
2139
2224
4646
513
1704
2013
65
1467
493
2026
363
103
930
2400
2329
2047
4620
1964
2118
2102
1297
863
219
400
1004
2556
1193
4589
404
266
12
2114
844
1077
708
2303
494
484
792
773
1490
885
4609
828
333
1014
24
415
1562
4655
2384
1761
108
1481
1054
1951
829
850
1565
178
924
1801
354
1566
1605
1862
961
1235
4623
2525
4588
2425
1844
2000
2214
4660
1449
306
2003
1874
2150
564
4572
1427
1437
724
711
2210
2225
1158
1440
269
738
101
462
1671
2125
2468
416
2434
1041
1421
516
553
1655
550
267
2228
4505
2510
2023
1887
197
1995
674
4551
83
1027
1483
366
46
457
50
2469
479
1413
55
289
1618
2294
2091
4511
445
1184
455
1478
2113
251
935
1258
2029
2330
2128
1817
1689
422
2016
1961
2443
1719
1140
1918
186
2449
735
2211
1725
1106
1984
463
2292
1867
1295
2050
4536
167
889
1224
1143
77
1904
2001
1252
317
1071
1226
48
4653
1240
2313
1096
2378
329
1892
218
2463
1452
1094
320
448
1509
660
1076
1567
1138
394
1792
1854
159
223
986
536
2169
54
845
4587
1574
222
1063
841
2193
2473
127
2515
2442
311
2488
560
576
754
4581
626
2010
1729
236
1664
1588
1568
1957
812
4568
2406
1580
855
2417
2338
4583
556
1244
2056
2222
1152
507
1007
421
544
521
1563
645
4643
1228
2167
1281
1676
707
847
4696
199
1553
4566
1168
1049
736
348
346
3
2069
169
4680
1808
1458
2459
1090
1185
2413
1802
1701
66
2151
737
2153
810
1232
982
2409
616
1231
2145
387
1019
2548
2120
1607
4661
4520
4616
676
2184
2553
31
17
70
1267
491
902
4548
1986
1508
684
318
1024
1040
124
1595
623
2438
174
496
1662
2022
4585
1093
1512
622
1679
1863
176
291
2401
743
4567
30
2082
2212
36
324
898
2377
1698
1210
1171
1696
713
177
144
624
1705
824
1818
1685
696
4698
1638
1535
851
831
2485
35
1893
1291
283
1687
1900
2164
215
2221
866
181
227
104
504
1156
1141
1830
955
2179
1783
384
196
689
129
1658
2428
1411
1989
2148
597
1736
2518
2383
1993
1540
873
4564
1988
2421
4
4604
2032
2328
2004
1423
365
1786
1985
1799
89
1990
111
1069
1253
1560
2130
5
909
262
772
1498
1495
1663
1218
4666
2194
1572
4533
4509
2337
1010
373
235
2369
386
797
2033
1418
730
1921
598
899
936
424
1222
205
1147
4637
1207
2500
81
4563
183
1897
135
321
1519
412
1059
0
4663
469
839
94
407
2137
1117
60
4700
569
1195
1030
541
2068
970
1146
1057
1821
1600
809
270
482
4549
965
1838
1066
1002
1536
558
864
557
784
2299
1045
1714
1099
687
1289
2557
1849
1516
800
1884
298
265
532
1549
2079
1463
214
113
2375
1430
2465
2071
2007
4574
485
2526
287
161
209
201
1060
1615
4573
798
704
2209
1723
752
4578
1908
240
1790
1406
712
268
2474
4510
4518
4651
226
1812
1624
871
819
1784
1451
2038
62
830
512
526
1968
2015
2402
1803
673
1631
389
476
360
603
398
1934
2147
748
1839
472
1484
4621
636
102
2538
434
2501
1727
4606
570
1594
794
525
2439
2505
1846
2381
142
302
2086
1298
1681
802
1480
4662
1189
1132
1831
1654
2011
4641
2492
182
1722
1285
258
1072
668
1401
1766
53
274
2344
678
4534
1461
1205
212
680
2523
806
1987
91
1616
670
1408
2180
2165
264
2200
585
4600
437
4500
2
1954
1548
1840
1956
107
1003
2103
2423
1807
2138
121
801
2429
934
2351
4559
1261
202
1277
880
2064
1542
1145
134
4575
2149
1777
671
109
775
4515
1445
2191
769
1870
695
4538
4579
529
1526
4611
140
2116
2353
322
4537
571
4522
1269
1035
925
440
2066
1241
1688
1514
589
932
112
327
256
710
1073
2323
224
1507
90
2025
1170
1850
1009
1596
4608
170
1776
1211
565
461
1760
271
480
2467
1796
1209
562
4612
956
446
1525
120
301
759
592
1711
1694
1845
1191
1872
1789
2348
330
4529
1597
2352
4542
928
2234
2454
2424
786
1414
1065
690
1569
2054
539
4679
1712
117
1707
1412
973
4687
59
1178
28
1955
546
428
1012
72
608
2077
502
1082
1741
2354
2195
519
1157
523
187
349
974
1621
1275
779
1916
453
1613
64
2159
1555
950
1852
666
1095
848
1163
594
1868
888
2154
381
559
588
593
1417
2496
1791
2188
249
1743
1997
1816
1107
533
4678
964
168
1491
1728
2494
2133
2143
1666
4636
572
968
1150
399
1517
4669
1194
2446
2455
1506
823
1558
1016
1601
1935
335
620
785
1775
1811
1669
915
1416
475
2088
2373
92
865
2087
2331
2540
96
2206
2075
1254
2559
477
2014
983
2080
686
2368
138
86
2363
1674
1788
1927
799
1909
2444
522
1953
1881
967
4603
1859
1268
303
1272
392
1166
1603
4688
586
1075
647
166
945
883
4569
38
1497
1443
1702
216
1544
1571
133
2550
920
132
2315
2410
1523
4630
1773
105
646
2461
1439
1123
1581
1782
1551
203
1833
1499
778
4553
977
1058
4517
1292
280
323
2358
692
1606
343
1128
2112
1006
87
2326
402
1609
4614
1547
2543
596
1447
307
1750
4555
2366
527
2458
2006
163
2009
1290
1206
846
1496
438
1100
316
114
1036
1468
1554
1644
1731
628
383
1248
1919
1579
4570
758
4693
1197
770
2527
1917
2370
2027
1105
795
4524
4558
2182
528
188
817
1183
1680
2024
4633
131
2012
370
1242
37
372
949
1173
1763
1706
1667
1025
807
1628
2132
1460
722
1739
1233
1684
4691
1199
1510
4694
1130
2041
2144
654
547
921
4692
2471
2536
1457
1165
958
1642
1800
2547
643
1977
1501
314
75
742
2546
781
319
2350
2166
1871
1217
520
1876
1950
1172
1795
780
1856
2332
679
4627
1204
1612
664
2052
1966
4664
715
1545
1262
1866
88
2367
2226
1651
580
1257
328
375
1878
8
388
4508
95
1861
1827
651
411
1653
1247
1929
652
912
1709
2462
126
1758
191
2310
2509
1793
2019
71
1164
1518
1539
1610
4668
4582
1656
907
2105
1142
606
618
1557
2408
804
714
617
1017
2030
2160
1469
1559
2472
1765
612
657
640
2106
244
162
1400
1455
1939
2464
2171
1176
1825
499
1978
1981
2230
2441
2062
2342
635
361
2124
2355
1829
2484
2017
611
376
1515
877
720
2333
4503
2498
923
2223
1931
1200
1976
2189
2057
478
243
1924
2520
56
2562
745
123
2028
4530
1282
2129
2356
39
721
706
2477
1809
1901
1112
963
41
1011
1174
326
1998
141
435
852
1422
2435
1287
1079
1677
1755
2437
662
1634
200
613
1161
470
246
1785
1824
2479
2407
700
184
629
4571
540
729
1151
1814
1259
1670
1121
1894
2512
2457
1577
723
293
1883
1511
1753
150
1851
1907
727
4670
2236
868
1078
535
1198
2218
18
2320
2074
1234
916
423
1435
175
887
4605
76
229
25
505
1630
1947
1296
1179
739
583
1134
900
1522
451
4602
2020
2362
2385
2517
1032
663
506
444
4682
1186
157
1627
765
20
1008
542
1822
644
61
4501
726
1034
857
2554
896
638
4665
1074
2475
1660
862
1586
483
2357
1124
2051
1587
1764
145
2514
4640
582
4690
458
1470
22
2220
561
2403
1570
744
1895
217
943
426
337
573
693
1159
1733
2108
688
1991
1614
1975
238
637
1466
1085
1726
2089
341
1703
2101
1454
1410
1048
788
1274
245
787
658
23
610
1115
947
1108
1448
4677
825
796
2507
1485
1915
2156
1665
308
699
4689
931
500
1276
154
14
2304
2480
1578
2081
836
1598
783
252
1278
1102
433
1841
1858
2146
2450
1623
313
441
1101
1778
910
1251
1922
842
1718
1625
746
607
1842
4597
4619
460
1249
2349
1999
2092
2186
1875
1229
501
1533
340
1959
2076
2387
1575
960
1280
128
2207
1475
718
705
858
152
2317
1022
259
1749
1529
292
886
1963
1619
242
1046
1133
1697
878
80
621
1126
2042
147
210
84
234
1759
2360
1762
1270
530
650
2053
1564
2427
2561
2131
1203
364
198
1740
2233
15
760
2098
1202
904
1212
859
1426
808
2544
1114
2334
1492
1103
225
1225
2372
1744
2519
1424
941
42
669
803
413
2031
286
281
1283
514
1965
33
2361
4675
854
1826
4686
892
497
130
4674
897
1752
2008
1293
872
27
1037
1042
2229
605
595
919
1177
818
1135
2335
336
2418
359
1476
4624
1779
4554
414
952
2564
1592
1264
1693
1109
747
63
602
254
1641
339
1699
2386
814
73
378
406
926
1154
294
49
1131
751
2040
1810
2456
1246
716
577
1864
987
1983
685
957
2365
951
681
768
2090
1836
2127
4593
2491
355
776
2073
1243
642
1110
2067
4557
207
545
4673
1865
1713
2440
1945
985
1890
153
1088
97
1018
331
508
1023
725
1425
2044
4644
2426
2431
1190
922
4535
190
1668
352
68
1804
1648
185
2322
1626
749
1068
1806
1962
180
467
641
1768
869
1453
1462
1996
1464
430
1160
966
820
665
771
358